#Insert size (bp)	insert size
2.0	2.0
3.0	1.0
4.0	2.0
5.0	1.0
6.0	4.0
7.0	2.0
8.0	3.0
9.0	13.0
10.0	5.0
11.0	2.0
12.0	1.0
13.0	9.0
14.0	5.0
15.0	5.0
16.0	6.0
17.0	5.0
19.0	4.0
20.0	6.0
21.0	3.0
22.0	1.0
23.0	4.0
24.0	7.0
25.0	2.0
26.0	7.0
27.0	6.0
28.0	3.0
29.0	5.0
30.0	3.0
31.0	8.0
32.0	10.0
33.0	6.0
34.0	2.0
35.0	3.0
36.0	6.0
37.0	4.0
38.0	2.0
39.0	9.0
40.0	5.0
41.0	7.0
42.0	5.0
43.0	3.0
44.0	8.0
45.0	5.0
46.0	10.0
47.0	4.0
48.0	7.0
49.0	5.0
50.0	9.0
51.0	6.0
52.0	6.0
53.0	10.0
54.0	7.0
55.0	12.0
56.0	16.0
57.0	6.0
58.0	11.0
59.0	5.0
60.0	8.0
61.0	9.0
62.0	12.0
63.0	11.0
64.0	11.0
65.0	8.0
66.0	20.0
67.0	11.0
68.0	21.0
69.0	13.0
70.0	19.0
71.0	19.0
72.0	21.0
73.0	29.0
74.0	8.0
75.0	20.0
76.0	25.0
77.0	12.0
78.0	13.0
79.0	19.0
80.0	27.0
81.0	19.0
82.0	16.0
83.0	20.0
84.0	29.0
85.0	19.0
86.0	17.0
87.0	45.0
88.0	26.0
89.0	37.0
90.0	48.0
91.0	34.0
92.0	46.0
93.0	49.0
94.0	72.0
95.0	56.0
96.0	51.0
97.0	99.0
98.0	104.0
99.0	91.0
100.0	16521.0
101.0	16496.0
102.0	15988.0
103.0	15750.0
104.0	15535.0
105.0	15553.0
106.0	15860.0
107.0	16120.0
108.0	16321.0
109.0	16214.0
110.0	15946.0
111.0	15896.0
112.0	15526.0
113.0	15540.0
114.0	15540.0
115.0	15122.0
116.0	15301.0
117.0	15279.0
118.0	15327.0
119.0	15665.0
120.0	15590.0
121.0	15694.0
122.0	15169.0
123.0	15044.0
124.0	14883.0
125.0	14869.0
126.0	14630.0
127.0	14605.0
128.0	14837.0
129.0	14850.0
130.0	14916.0
131.0	14989.0
132.0	14972.0
133.0	14810.0
134.0	14225.0
135.0	14071.0
136.0	14312.0
137.0	14064.0
138.0	13817.0
139.0	14266.0
140.0	14280.0
141.0	14026.0
142.0	13774.0
143.0	13839.0
144.0	13825.0
145.0	13540.0
146.0	13378.0
147.0	13586.0
148.0	13395.0
149.0	13189.0
150.0	13193.0
151.0	13207.0
152.0	13271.0
153.0	13352.0
154.0	13167.0
155.0	13002.0
156.0	12802.0
157.0	12591.0
158.0	12373.0
159.0	12498.0
160.0	12624.0
161.0	12476.0
162.0	12469.0
163.0	12350.0
164.0	12279.0
165.0	12228.0
166.0	11796.0
167.0	11963.0
168.0	11993.0
169.0	11753.0
170.0	11569.0
171.0	11861.0
172.0	11733.0
173.0	11704.0
174.0	11697.0
175.0	11577.0
176.0	11257.0
177.0	11333.0
178.0	11301.0
179.0	11178.0
180.0	11048.0
181.0	10888.0
182.0	10809.0
183.0	10939.0
184.0	10670.0
185.0	10755.0
186.0	10687.0
187.0	10582.0
188.0	10466.0
189.0	10428.0
190.0	10447.0
191.0	10338.0
192.0	10443.0
193.0	10361.0
194.0	10362.0
195.0	10152.0
196.0	10132.0
197.0	10128.0
198.0	10009.0
199.0	9749.0
200.0	9613.0
201.0	9645.0
202.0	9628.0
203.0	9524.0
204.0	9678.0
205.0	9388.0
206.0	9475.0
207.0	9276.0
208.0	9216.0
209.0	9272.0
210.0	9105.0
211.0	9048.0
212.0	8978.0
213.0	8931.0
214.0	9021.0
215.0	8822.0
216.0	8671.0
217.0	8607.0
218.0	8828.0
219.0	8630.0
220.0	8327.0
221.0	8465.0
222.0	8380.0
223.0	8264.0
224.0	8536.0
225.0	8318.0
226.0	8348.0
227.0	8324.0
228.0	8287.0
229.0	7956.0
230.0	7865.0
231.0	8048.0
232.0	7975.0
233.0	7939.0
234.0	7853.0
235.0	7776.0
236.0	7610.0
237.0	7728.0
238.0	7889.0
239.0	7847.0
240.0	7657.0
241.0	7566.0
242.0	7504.0
243.0	7560.0
244.0	7333.0
245.0	7469.0
246.0	7485.0
247.0	7330.0
248.0	7219.0
249.0	7328.0
250.0	7263.0
251.0	7144.0
252.0	7066.0
253.0	6971.0
254.0	6879.0
255.0	6965.0
256.0	6922.0
257.0	6997.0
258.0	6915.0
259.0	6920.0
260.0	6791.0
261.0	6741.0
262.0	6589.0
263.0	6564.0
264.0	6407.0
265.0	6688.0
266.0	6530.0
267.0	6482.0
268.0	6364.0
269.0	6384.0
270.0	6387.0
271.0	6124.0
272.0	6244.0
273.0	6215.0
274.0	6146.0
275.0	6124.0
276.0	6046.0
277.0	6173.0
278.0	6101.0
279.0	6133.0
280.0	6068.0
281.0	6031.0
282.0	5949.0
283.0	5948.0
284.0	5824.0
285.0	5713.0
286.0	5781.0
287.0	5714.0
288.0	5832.0
289.0	5599.0
290.0	5600.0
291.0	5591.0
292.0	5632.0
293.0	5577.0
294.0	5456.0
295.0	5414.0
296.0	5417.0
297.0	5571.0
298.0	5222.0
299.0	5378.0
300.0	5259.0
301.0	5324.0
302.0	5081.0
303.0	5202.0
304.0	5060.0
305.0	5080.0
306.0	5044.0
307.0	5065.0
308.0	5042.0
309.0	4956.0
310.0	4965.0
311.0	4926.0
312.0	5012.0
313.0	4858.0
314.0	4852.0
315.0	4723.0
316.0	4786.0
317.0	4702.0
318.0	4691.0
319.0	4783.0
320.0	4740.0
321.0	4575.0
322.0	4623.0
323.0	4676.0
324.0	4669.0
325.0	4626.0
326.0	4433.0
327.0	4598.0
328.0	4552.0
329.0	4540.0
330.0	4339.0
331.0	4399.0
332.0	4305.0
333.0	4439.0
334.0	4338.0
335.0	4159.0
336.0	4245.0
337.0	4264.0
338.0	4328.0
339.0	4156.0
340.0	4237.0
341.0	4142.0
342.0	4164.0
343.0	4087.0
344.0	4064.0
345.0	4018.0
346.0	3981.0
347.0	3917.0
348.0	3953.0
349.0	3908.0
350.0	3981.0
351.0	3916.0
352.0	4012.0
353.0	3918.0
354.0	3917.0
355.0	3836.0
356.0	3819.0
357.0	3819.0
358.0	3795.0
359.0	3789.0
360.0	3827.0
361.0	3788.0
362.0	3801.0
363.0	3725.0
364.0	3692.0
365.0	3610.0
366.0	3557.0
367.0	3555.0
368.0	3587.0
369.0	3527.0
370.0	3553.0
371.0	3458.0
372.0	3438.0
373.0	3408.0
374.0	3471.0
375.0	3385.0
376.0	3316.0
377.0	3348.0
378.0	3480.0
379.0	3367.0
380.0	3362.0
381.0	3285.0
382.0	3323.0
383.0	3322.0
384.0	3233.0
385.0	3252.0
386.0	3249.0
387.0	3106.0
388.0	3244.0
389.0	3148.0
390.0	3102.0
391.0	3089.0
392.0	3107.0
393.0	3012.0
394.0	3099.0
395.0	3230.0
396.0	3102.0
397.0	2998.0
398.0	2950.0
399.0	2932.0
400.0	2961.0
401.0	3143.0
402.0	2913.0
403.0	2897.0
404.0	2912.0
405.0	2944.0
406.0	2842.0
407.0	2870.0
408.0	2864.0
409.0	2852.0
410.0	2795.0
411.0	2777.0
412.0	2762.0
413.0	2798.0
414.0	2628.0
415.0	2832.0
416.0	2740.0
417.0	2645.0
418.0	2711.0
419.0	2698.0
420.0	2646.0
421.0	2591.0
422.0	2649.0
423.0	2479.0
424.0	2588.0
425.0	2605.0
426.0	2528.0
427.0	2590.0
428.0	2614.0
429.0	2573.0
430.0	2553.0
431.0	2500.0
432.0	2485.0
433.0	2506.0
434.0	2498.0
435.0	2384.0
436.0	2444.0
437.0	2332.0
438.0	2295.0
439.0	2463.0
440.0	2401.0
441.0	2280.0
442.0	2310.0
443.0	2348.0
444.0	2299.0
445.0	2186.0
446.0	2298.0
447.0	2366.0
448.0	2278.0
449.0	2238.0
450.0	2250.0
451.0	2163.0
452.0	2264.0
453.0	2260.0
454.0	2170.0
455.0	2179.0
456.0	2074.0
457.0	2078.0
458.0	2129.0
459.0	2121.0
460.0	2163.0
461.0	2161.0
462.0	2144.0
463.0	2079.0
464.0	2046.0
465.0	2086.0
466.0	2073.0
467.0	2011.0
468.0	1936.0
469.0	1998.0
470.0	2052.0
471.0	1955.0
472.0	1969.0
473.0	1966.0
474.0	2011.0
475.0	1897.0
476.0	1856.0
477.0	1847.0
478.0	1888.0
479.0	1940.0
480.0	1924.0
481.0	1900.0
482.0	1873.0
483.0	1935.0
484.0	1825.0
485.0	1876.0
486.0	1911.0
487.0	1825.0
488.0	1845.0
489.0	1784.0
490.0	1713.0
491.0	1728.0
492.0	1740.0
493.0	1772.0
494.0	1746.0
495.0	1734.0
496.0	1716.0
497.0	1671.0
498.0	1729.0
499.0	1659.0
500.0	1640.0
501.0	1633.0
502.0	1609.0
503.0	1624.0
504.0	1573.0
505.0	1682.0
506.0	1639.0
507.0	1614.0
508.0	1604.0
509.0	1554.0
510.0	1603.0
511.0	1616.0
512.0	1586.0
513.0	1509.0
514.0	1583.0
515.0	1433.0
516.0	1463.0
517.0	1521.0
518.0	1470.0
519.0	1520.0
520.0	1520.0
521.0	1477.0
522.0	1489.0
523.0	1441.0
524.0	1414.0
525.0	1438.0
526.0	1427.0
527.0	1401.0
528.0	1394.0
529.0	1402.0
530.0	1409.0
531.0	1449.0
532.0	1421.0
533.0	1389.0
534.0	1357.0
535.0	1410.0
536.0	1365.0
537.0	1420.0
538.0	1337.0
539.0	1316.0
540.0	1391.0
541.0	1292.0
542.0	1328.0
543.0	1307.0
544.0	1272.0
545.0	1379.0
546.0	1277.0
547.0	1261.0
548.0	1277.0
549.0	1286.0
550.0	1186.0
551.0	1160.0
552.0	1222.0
553.0	1231.0
554.0	1219.0
555.0	1211.0
556.0	1188.0
557.0	1170.0
558.0	1196.0
559.0	1260.0
560.0	1199.0
561.0	1159.0
562.0	1202.0
563.0	1138.0
564.0	1181.0
565.0	1116.0
566.0	1149.0
567.0	1107.0
568.0	1173.0
569.0	1137.0
570.0	1040.0
571.0	1062.0
572.0	1126.0
573.0	1102.0
574.0	1023.0
575.0	1065.0
576.0	1047.0
577.0	1089.0
578.0	1018.0
579.0	1059.0
580.0	1007.0
581.0	1007.0
582.0	1014.0
583.0	1079.0
584.0	1032.0
585.0	1004.0
586.0	992.0
587.0	961.0
588.0	1030.0
589.0	1023.0
590.0	971.0
591.0	994.0
592.0	994.0
593.0	999.0
594.0	947.0
595.0	939.0
596.0	918.0
597.0	929.0
598.0	902.0
599.0	971.0
600.0	912.0
601.0	921.0
602.0	885.0
603.0	880.0
604.0	895.0
605.0	923.0
606.0	895.0
607.0	873.0
608.0	857.0
609.0	895.0
610.0	869.0
611.0	818.0
612.0	792.0
613.0	838.0
614.0	862.0
615.0	857.0
616.0	864.0
617.0	805.0
618.0	776.0
619.0	817.0
620.0	882.0
621.0	755.0
622.0	796.0
623.0	758.0
624.0	818.0
625.0	786.0
626.0	782.0
627.0	729.0
628.0	733.0
629.0	761.0
630.0	739.0
631.0	823.0
632.0	732.0
633.0	759.0
634.0	713.0
635.0	758.0
636.0	703.0
637.0	725.0
638.0	696.0
639.0	708.0
640.0	698.0
641.0	672.0
642.0	685.0
643.0	681.0
644.0	671.0
645.0	688.0
646.0	685.0
647.0	708.0
648.0	749.0
649.0	704.0
650.0	677.0
651.0	666.0
652.0	672.0
653.0	665.0
654.0	655.0
655.0	638.0
656.0	662.0
657.0	638.0
658.0	611.0
