#Position (bp)	insert size
5763.5	260.23197492163007
17289.5	264.87736464448795
28815.5	262.83782589482985
40341.5	262.5877814517399
51867.5	264.4396899224806
63393.5	258.9778011099445
74919.5	264.62799005902457
86445.5	262.9678260869565
97971.5	258.97327394209356
109497.5	258.5230950279494
121023.5	255.54368792284438
132549.5	265.10661764705884
144075.5	259.8306268022462
155601.5	262.89141883519204
167127.5	265.1792059323343
178653.5	263.1697094776949
190179.5	263.40490129339685
201705.5	258.7861945316002
213231.5	257.9678182678656
224757.5	255.4046407185629
236283.5	262.5284669211196
247809.5	260.72535842293905
259335.5	264.98296634815125
266855.5	251.15782608695653
272618.5	259.2046511627907
282387.5	263.60691306299566
293913.5	261.93611647600653
305439.5	259.6725393127548
316965.5	257.8181554524362
328491.5	260.62928348909657
340017.5	265.7565230582524
351543.5	262.8646424517594
363069.5	261.08249084249087
374595.5	259.6132005351568
386121.5	264.43031858674317
397647.5	258.39117826617826
409173.5	256.08123929183324
420699.5	257.51893196560565
432225.5	263.91853658536587
443751.5	258.7476863127131
455277.5	262.53828339846575
466803.5	263.4544312630844
478329.5	263.8221582733813
486243.0	258.9667291471415
492006.0	258.4651287553648
501381.5	260.1706475583864
512907.5	259.5229554276536
524433.5	257.6425080296048
535959.5	262.2116451016636
547485.5	258.34346321648866
559011.5	264.4063260340633
570537.5	252.39514252472367
582063.5	258.7386283622025
593589.5	259.5412457912458
605115.5	260.16638056252475
616641.5	262.61317316776893
628167.5	263.8425727411945
639693.5	262.58041760722347
651219.5	249.89077703165685
662745.5	260.11876288659795
674271.5	259.5026059067219
685797.5	262.177904644345
694797.5	257.38912024986985
700560.5	261.09801233721726
708849.5	261.0974016106975
720375.5	257.0962574044157
731901.5	264.4144373673036
743427.5	257.53443565780015
754953.5	264.18896085609686
766479.5	261.9144008056395
778005.5	263.3406830955469
789531.5	262.06539153179665
801057.5	260.03008821676116
812583.5	262.9953037418573
824109.5	259.4801871618658
835635.5	264.68287692791944
847161.5	259.36559908492995
858687.5	257.9406680339877
870213.5	254.84519230769232
879868.5	257.1337435897436
885631.5	250.53731847348868
893265.5	255.7522072658851
904791.5	264.48931025706287
916317.5	266.7365028203062
927843.5	261.15249582039644
939369.5	262.34403049305297
950895.5	263.99035063876056
962421.5	255.87901457500323
973947.5	258.70240269776593
985473.5	255.45313562780575
996999.5	264.5275635532705
1008525.5	258.2450562233424
1020051.5	260.9115862467495
1031577.5	257.73747794217456
1043103.5	262.4366932161494
1054629.5	260.7500655651718
1061226.0	249.0357833655706
1066989.0	258.05430387059505
1077681.5	256.75551421737975
1089207.5	257.11962480204653
1100733.5	259.8411750062235
1112259.5	256.7840290381125
1123785.5	259.8872740595994
1135311.5	262.01246228518954
1146837.5	259.9146528844811
1158363.5	261.9608656981915
1169889.5	256.0804336188437
1181415.5	265.77686823343015
1192941.5	260.1563433320348
1204467.5	239.97873955960517
1215993.5	257.8423535578561
1227519.5	261.63915547024953
1235754.0	228.20725962870603
1241517.0	261.0598657718121
1250571.5	260.58501818181816
1262097.5	263.0179437439379
1273623.5	259.97884000608923
1285149.5	264.7053884903068
1296675.5	261.631060719081
1308201.5	256.37182597444604
1319727.5	262.86844178351976
1331253.5	262.10706319702604
1342779.5	248.2787916928886
1354305.5	265.63496376811594
1365831.5	261.9677630502373
1377357.5	257.90366001209924
1388883.5	261.33757244043784
1400409.5	259.66196746707976
1409286.5	260.24906313058517
1415049.5	259.7931710047579
1423461.5	253.14495905834187
1434987.5	256.9169829802865
1446513.5	259.4689471470629
1458039.5	258.78688750862665
1469565.5	262.276223312558
1481091.5	260.3346666666667
1492617.5	260.96272661348803
1504143.5	262.75348975348976
1515669.5	256.4016404464166
1527195.5	262.302119205298
1538721.5	260.1783806000822
1550247.5	265.3448717948718
1558223.5	242.41742857142856
1563986.5	265.1206422987534
1573299.5	261.3615038560411
1584825.5	263.520199437484
1596351.5	257.52942894698407
1607877.5	259.7151256798471
1619403.5	256.73739322127307
1630929.5	258.6577322481055
1642455.5	258.0230735098358
1653981.5	259.8574561403509
1665507.5	263.3028697571744
1677033.5	265.0269522144522
1688559.5	261.9958406011002
1694522.5	171.2896551724138
1700285.5	255.78402037243356
1711611.5	271.917590135789
1723137.5	265.3745602926692
1734663.5	259.25639253628196
1746189.5	259.93022924676063
1757715.5	261.8646855563234
1769241.5	259.3629609617723
1780767.5	265.7150664697194
1792293.5	256.8582436561711
1803819.5	265.33203667685467
1815345.5	262.4081842182458
1824447.0	261.0009400705053
1830210.0	263.16816074188563
1838397.5	257.1665768920011
1849923.5	264.63939899833053
1861449.5	268.6719689881032
1872975.5	258.7578277250877
1884501.5	262.1361670579513
1896027.5	264.1158569140417
1907553.5	258.4370712401055
1919079.5	264.0251448130595
1930605.5	261.107589109562
1942131.5	262.83469196846187
1953657.5	260.76079136690646
1959906.5	229.6754716981132
1965669.5	261.3755067803719
1976709.5	263.6858077174624
1988235.5	260.5731411809718
1999761.5	256.669295696693
2011287.5	262.96574677575927
2022813.5	260.5491990846682
2034339.5	265.80817568461435
2045865.5	261.70588235294116
2057391.5	262.32111915921035
2068917.5	261.375152998776
2080443.5	259.35057471264366
2087848.5	252.27093596059115
2093611.5	260.75329163923635
2103495.5	257.8439524838013
2115021.5	256.59618922470435
2126547.5	259.36557356131175
2138073.5	274.596208148447
2149599.5	259.43707186030895
2161125.5	256.04953408533595
2172651.5	264.5420547356355
2184177.5	261.2353927511931
2195703.5	257.4655565999731
2201671.5	188.95402298850576
2207434.5	259.896011816839
2218755.5	261.2163412870571
2230281.5	264.6276321769429
2241807.5	262.6046611381184
2253333.5	262.8354155350353
2264859.5	259.3957482753766
2276385.5	262.97947789346614
2287911.5	260.9208953148895
2299437.5	255.74254232733136
2309404.0	256.88684526189525
2315167.0	235.59846998823068
2322489.5	259.0401944043084
2334015.5	254.4511158342189
2345541.5	260.82873693489483
2357067.5	261.9729070712544
2368593.5	258.9337996502623
2380119.5	260.0109304549802
2391645.5	260.87788523533203
2403171.5	263.6228024819028
2414476.5	262.4065685164213
2420239.5	249.6809523809524
2426223.5	260.9511440940012
2437749.5	258.91902966726764
2449275.5	258.3219450182743
2460801.5	255.94470625196357
2472327.5	257.7618176273254
2483853.5	261.56813348601344
2495379.5	263.77292176039117
2506905.5	260.4274865991662
2514128.5	258.95066018068104
2519891.5	266.03786637538684
2529957.5	266.3518093781855
2541483.5	256.2393290604118
2553009.5	259.5184121180465
2564535.5	260.7877611140868
2576061.5	262.1479638601545
2587587.5	261.14763636363637
2598605.0	255.50396024227365
2604368.0	265.340243902439
2610639.5	259.7448379597976
2622165.5	259.9539227895392
2633691.5	253.38560885608857
2645217.5	252.22532960447464
2656743.5	254.430644019816
2668269.5	260.17884615384617
2679795.5	263.7464271131074
2687991.0	261.22161642078254
2693754.0	253.6312737006469
2702847.5	261.72081363701477
2714373.5	263.05875068794717
2725899.5	256.0174076057847
2737425.5	260.91654581410677
2748951.5	254.16058492084787
2760477.5	258.91220677061386
2769856.0	262.5766439909297
2775619.0	262.5088659793814
2783529.5	259.61008742434433
2795055.5	255.1885234429671
2806581.5	258.8782489740082
2818107.5	261.26079320942483
2829633.5	256.5890969495621
2841159.5	257.97764465225015
2847329.0	226.95511221945137
2853092.0	262.44476041518556
2864211.5	264.1917910447761
2875737.5	255.8505616559384
2887263.5	257.9107906635708
2898789.5	258.5710245532845
2909231.5	259.2906596995428
2914994.5	258.35333333333335
2921841.5	258.4015105740181
2933367.5	266.24402891263355
2944893.5	259.613775065388
2956419.5	266.07150035893756
2967945.5	262.05388402625823
2976583.0	242.40453808752025
2982346.0	251.9108296717498
2990997.5	257.66675368750816
3002523.5	260.0065359477124
3014049.5	260.6249341064839
3025575.5	261.31623340707966
3037101.5	257.0215348007139
3043289.0	191.51201478743067
3049052.0	259.5754595291841
3060153.5	252.35104082184375
3071679.5	259.8373349339736
3083205.5	260.73345179920034
3094731.5	259.2982722036981
3104199.0	244.40139322603892
3109962.0	244.92053167420815
3117783.5	260.18470651588586
3129309.5	259.86620190374043
3140835.5	260.8873794321424
3152361.5	263.7117568962974
3163887.5	261.0881959910913
3170696.5	248.37698412698413
3176459.5	261.58369098712444
3186939.5	261.73306294126485
3198465.5	260.413113317757
3209991.5	262.3483128098513
3221517.5	260.7957361758827
3228492.5	229.20956175298804
3234255.5	256.35980441746756
3244569.5	265.1205507924136
3256095.5	260.8972143409853
3267621.5	266.4311346980035
3279147.5	260.68143273003415
3285591.0	236.14397321428572
3291354.0	261.1783570300158
3302199.5	263.16644275264963
3313725.5	264.3439950980392
3325251.5	260.6569286452947
3336130.0	258.9557157569516
3341893.0	260.0127478753541
3348303.5	261.14337545352186
3359829.5	260.5208892295899
3371355.5	267.9782483434169
3382881.5	259.12774882420234
3392397.0	258.07949125596184
3398160.0	262.65291365376436
3405933.5	257.0234550561798
3417459.5	260.6216938660664
3428985.5	258.9018779342723
3440511.5	258.03917933506364
3448256.5	258.6803463855422
3454019.5	268.89657931586316
3463563.5	260.92205300395733
3475089.5	259.12190996617227
3486615.5	258.38086780005074
3496129.0	264.65752477529384
3501892.0	231.7262617621899
3509667.5	244.0375113180701
3521193.5	260.1626788036411
3532719.5	261.75852585258525
3543594.5	266.3724626278521
3549357.5	241.9897828863346
3555771.5	240.0795278909653
3567297.5	243.74168236032642
3578823.5	248.8386991338454
3590096.0	245.55226209048362
3595859.0	273.06832298136646
3601875.5	263.00165712564024
3613401.5	256.4538181818182
3624927.5	259.39309626543667
3636440.0	258.47100681302044
3642203.0	272.1666666666667
3647979.5	255.5977744605781
3659505.5	255.8078936200311
3671031.5	263.25588491717525
3682402.0	256.6313642756681
3688165.0	243.92105263157896
3694083.5	261.18369388520694
3705609.5	257.71364463311096
3717135.5	261.6027866336049
3726126.5	254.67992384176011
3731889.5	258.1795154185022
3740187.5	260.2850076103501
3751713.5	260.8019903036489
3763239.5	265.78798444414645
3769766.0	241.75606276747504
3775529.0	254.38721384701284
3786291.5	260.1998825084447
3797817.5	256.9215133531157
3807511.5	262.9499594813614
3813274.5	238.2140992167102
3820869.5	262.385844033824
3832395.5	261.58549464202514
3843921.5	256.0631021848283
3850665.5	250.64822134387353
3856428.5	257.55336931917117
3866973.5	260.94772507260404
3878499.5	262.7463430851064
3885752.0	257.0988219895288
3891515.0	260.7530303030303
3901551.5	259.6487782941088
3913077.5	261.4554022674498
3920656.5	253.11431411530816
3926419.5	258.8962049335863
3936129.5	261.35590933621154
3947655.5	259.60754559376306
3955030.5	260.5483870967742
3960793.5	255.94542372881355
3970707.5	261.05066316166807
3982233.5	256.5207780725022
3989078.5	251.7155844155844
3994841.5	245.76137719447757
4005285.5	242.64025540560152
4016811.5	236.5982992216777
4023046.5	217.68577981651376
4028809.5	266.0699969164354
4039863.5	261.89493407356
4050983.0	255.6007570295602
4056746.0	241.32504145936983
4062915.5	256.14017216642753
4074441.5	259.8897213459516
4084085.0	243.00514089870526
4089848.0	268.37528957528957
4097493.5	261.0586585650853
4109019.5	261.6272065004203
4116817.5	255.5877783531849
4122580.5	258.01421107628005
4132071.5	263.58461937491893
4143328.0	265.0531987450552
4149091.0	267.39622641509436
4155123.5	261.7873145184754
4166649.5	255.35469490108665
4175419.5	255.17826525466464
4181182.5	254.39193847785734
4189701.5	261.55811504541265
4201227.5	259.98694005485174
4207274.0	212.94392523364485
4213037.0	249.3705553923009
4224279.5	257.6936745789683
4232153.0	250.86189345096707
4237916.0	259.79841986455983
4247331.5	266.71204607262837
4256837.0	248.45406278855032
4262600.0	254.64225248435775
4270383.5	256.9709418837675
4280352.5	254.18437324339516
4286115.5	256.4727722772277
4293435.5	255.75634226745018
4303591.5	253.05002919992214
4309354.5	252.76757369614512
4316487.5	257.1553989106056
4324901.5	256.8148749594024
4330664.5	255.6348240275205
4339539.5	257.3762706941621
4345655.5	234.956678700361
4351418.5	258.2463653603034
4360251.0	254.14731237322516
4366014.0	269.994383775351
4374117.5	259.8015346023314
4380164.5	182.3409090909091
4385927.5	256.77907938257994
4393174.5	257.0105596620908
4398937.5	255.58567591763654
4405499.5	246.32196531791908
4411262.5	264.54514383366563
4417731.0	251.61894681132574
4423494.0	257.26185402237616
4429935.5	263.8713029576339
4435698.5	243.63118952760388
4442113.0	252.43178021162058
4447876.0	260.0026936026936
4453856.0	258.4516129032258
4459619.0	251.15208156329652
4464860.0	249.9004893964111
4470623.0	244.44051767048282
4475257.5	254.46494762288478
4481020.5	257.4277031349968
4485226.5	250.11544544016868
4490887.5	250.89941237469753
4495038.5	235.8909090909091
4498921.5	259.9051162790698
4504684.5	253.94630350194552
4508036.5	234.67668670674684
4512601.5	261.5393648251935
4516994.5	256.16896680343154
4519985.0	231.4339869281046
4524315.0	208.7433184855234
4528285.5	264.1515151515151
4530581.0	236.16009019165728
4533625.0	251.67241379310346
4537940.0	252.45689948892675
4540659.0	257.5097192224622
4542775.0	252.38987043580684
4545914.0	257.6881443298969
4549066.5	257.5729907053034
4551690.5	251.31933438985737
4553233.0	226.14666666666668
4555163.5	238.48589117752113
4558066.5	233.59931972789116
4560787.5	247.67949488875527
4563185.0	248.67038777908343
4564358.0	107.5
4565409.0	245.33361486486487
4567375.0	258.2908163265306
4569248.0	239.447265625
4571040.5	231.57374100719426
4572787.5	237.02060239614823
4574486.5	218.94243268337976
4575578.5	235.1661807580175
4576332.5	207.52532833020638
4577530.0	205.06974552309143
4578889.0	246.8837625178827
4580197.5	229.31736526946108
4581439.5	236.13507159649498
4582648.0	242.7247596153846
4583818.0	234.48293089092422
4584946.5	233.30427371240717
4586067.0	239.20445344129556
4586987.0	250.77817531305902
4587502.5	148.61748633879782
4588080.5	216.82106782106783
4588891.0	197.25265017667846
4589653.0	203.92676431424766
4590381.5	209.05365474339035
4591064.0	205.26899383983573
4591723.0	205.82051282051282
4592352.5	198.93171188026193
4592940.5	203.66415094339624
4593511.5	206.91886195995784
4594076.0	206.05479452054794
4594628.5	203.50191570881225
4595165.0	216.66228070175438
4595673.5	185.44416243654823
4596145.0	192.4327485380117
4596582.0	227.41666666666666
4596960.5	150.21818181818182
4597299.0	174.5897435897436
4597634.5	177.46153846153845
4597965.5	176.21518987341773
4598280.0	164.4
4598575.0	165.01818181818183
4598797.0	153.1304347826087
4598940.0	109.0
4599146.0	161.67073170731706
4599424.5	160.95555555555555
4599700.5	161.25
4599974.5	163.38805970149255
4600238.5	143.87900355871886
4600494.5	256.0
4600746.5	248.0
4600993.0	245.0
4601237.0	129.85
4601477.0	147.8095238095238
4601713.0	235.0
4601947.0	233.0
4602175.0	147.10714285714286
4602396.0	152.14814814814815
4602614.5	150.0
4602829.5	143.23076923076923
4603039.5	139.12
4603246.5	144.3673469387755
4603452.0	129.65714285714284
4603657.0	142.51351351351352
4603859.5	132.1818181818182
4604059.5	150.13888888888889
4604259.0	144.49180327868854
4604455.0	140.47058823529412
4604647.5	138.5
4604839.0	132.01438848920864
4605027.5	135.13888888888889
4605206.0	138.5625
4605376.0	140.16666666666666
4605543.5	124.52173913043478
4605706.0	124.76470588235294
4605863.0	129.33333333333334
4606018.0	139.78571428571428
4606172.5	128.15384615384616
4606326.5	127.11764705882354
4606480.0	119.16666666666667
4606633.0	122.1
4606785.0	122.5
4606933.5	116.73333333333333
4607077.5	116.6
4607219.5	126.33333333333333
4607361.0	107.5
4607497.5	128.0
4607626.5	106.33333333333333
4607749.5	113.28571428571429
4607869.0	111.93333333333334
4607988.0	117.89473684210526
4608107.0	116.91666666666667
4608225.0	113.66666666666667
4608340.0	105.6
4608452.5	105.76923076923077
4608561.0	0.0
4608663.5	90.0
4608763.5	0.0
4608861.0	0.0
4608953.5	0.0
4609042.5	0.0
4609130.5	0.0
4609218.0	87.0
4609304.5	0.0
4609390.0	0.0
4609475.0	0.0
4609560.0	0.0
4609645.0	0.0
4609729.0	0.0
4609811.0	0.0
4609891.0	0.0
4609969.5	0.0
4610047.5	0.0
4610125.5	0.0
4610203.5	0.0
4610281.5	0.0
4610359.5	0.0
