#Position (bp)	insert size
5803.0	59032.56165209527
17408.0	5268.499312414052
29013.0	1436.6245709382151
40618.0	264.55795032829
52223.0	265.9891936824605
63828.0	258.30348258706465
75433.0	262.6430234362874
87038.0	264.2635522256501
98643.0	853.5427171877251
110248.0	264.3072396332284
121853.0	355.99942946797887
133458.0	869.0334983979027
145063.0	900.8835227272727
156668.0	255.87104493485776
168273.0	18700.430890804597
179878.0	263.0505198418509
191483.0	268.5597451566766
203088.0	328.18963818105027
214693.0	267.62269048709726
226298.0	565.0814878257678
237903.0	263.7536617842876
249508.0	264.27000934288384
261113.0	10331.692165411547
272718.0	13994.046686018384
284323.0	19884.76074247296
295928.0	17380.968573130773
307533.0	326.69531672983214
319138.0	261.68174342105266
330743.0	254.61865284974093
342348.0	261.735270889275
353953.0	262.89867633154745
365558.0	7452.0510252742015
377163.0	5157.547359713222
388768.0	469.6353958749168
400373.0	266.52521946138967
411978.0	271.0708872046366
423583.0	261.9510673690047
435188.0	1088.0219606717383
446793.0	264.1624126405348
458398.0	266.5705324783942
470003.0	261.88122605363986
481608.0	261.15984377260236
493213.0	267.4498049978333
504818.0	262.9506670803599
516423.0	805.332750952986
528028.0	252.14003091190108
539633.0	262.0978508629111
551238.0	268.0769585253456
562843.0	255.75549892703862
574448.0	11111.225352112677
586053.0	259.03968253968253
597658.0	266.09889033942557
609263.0	6238.09547879809
620868.0	260.9863147605083
632473.0	259.66692084794875
644078.0	263.9597891566265
655683.0	259.82104430379746
667288.0	387.32521528525297
678893.0	3753.706006322445
690498.0	561.813277176093
702103.0	266.7755899594168
713708.0	1062.2005396960658
725313.0	753.4005827905382
736918.0	252.13309143686502
748523.0	262.7115839243499
760128.0	262.2474108170311
771733.0	263.8673887587822
783338.0	261.42103798525113
794943.0	265.27752595408685
806548.0	265.42286366601434
818153.0	260.26760114686203
829758.0	261.5542659974906
841363.0	749.1488333333333
852968.0	260.34148064424977
864573.0	268.1097066167291
876178.0	267.7568914499299
887783.0	269.4630517440899
899388.0	777.8717425431711
910993.0	264.78363317943
922598.0	263.89719336331217
934203.0	261.17663775052347
945808.0	261.6249273678094
957413.0	264.429776528045
969018.0	268.1589302182601
980623.0	265.2152572442342
992228.0	264.2052289815448
1003833.0	261.8698298735758
1015438.0	264.00625195373556
1027043.0	263.83970798285986
1038648.0	266.71276429130774
1050253.0	272.1460884598761
1061858.0	808.4268656716417
1073463.0	263.8805431419732
1085068.0	2640.3551149881046
1096673.0	7589.440047079594
1108278.0	260.2398540811673
1119883.0	264.9531041388518
1131488.0	262.1043628374137
1143093.0	267.57883817427387
1154698.0	263.7684046692607
1166303.0	258.84640363695405
1177908.0	265.94174114531614
1189513.0	266.5852448853069
1201118.0	233.33262260127933
1212723.0	249.1399088716162
1224328.0	262.14046411556785
1235933.0	267.9786149037671
1247538.0	265.3450341041424
1259143.0	257.8570519955478
1270748.0	267.11592315206775
1282353.0	261.6183628318584
1293958.0	265.70935663703483
1305563.0	260.98517324738117
1317168.0	275.66875
1328773.0	260.4080065359477
1340378.0	258.1236653386454
1351983.0	668.6122612742738
1363588.0	524.7456686291001
1375193.0	265.7012067578439
1386798.0	266.7169373549884
1398403.0	500.68066966361806
1410008.0	294.78365601080594
1421613.0	0.0
1433218.0	254.27396710790214
1444823.0	531.4908868126819
1456428.0	264.48257839721254
1468033.0	8692.098871063577
1479638.0	264.0747486521929
1491243.0	261.0359734444959
1502848.0	268.37256793696736
1514453.0	260.75383458646616
1526058.0	254.85056279620852
1537663.0	263.7728130899937
1549268.0	259.5199627155507
1560873.0	259.3817229157035
1572478.0	262.76505474452557
1584083.0	735.2196124486201
1595688.0	258.8953175838167
1607293.0	266.58689775799013
1618898.0	261.33948108783994
1630503.0	258.1500163238655
1642108.0	255.96440929312902
1653713.0	18928.99035277178
1665318.0	472.1658711217184
1676923.0	264.3559400587054
1688528.0	266.7519165900031
1700133.0	298.01150295141514
1711738.0	264.50795366795364
1723343.0	263.6669792155024
1734948.0	268.69730869001296
1746553.0	268.5697891263807
1758158.0	263.11135473766643
1769763.0	261.6180339985218
1781368.0	266.7878642331092
1792973.0	260.15503752195434
1804578.0	258.48063912480205
1816183.0	257.2893209973342
1827788.0	269.6562727935813
1839393.0	264.0299138606108
1850998.0	263.5289598108747
1862603.0	267.8431990827003
1874208.0	874.4124719461366
1885813.0	266.3070678127985
1897418.0	261.3228567212631
1909023.0	260.7993513818387
1920628.0	263.6313439499926
1932233.0	264.6605801796495
1943838.0	265.74294205052007
1955443.0	266.6919431279621
1967048.0	263.6690844616377
1978653.0	264.5824578159822
1990258.0	265.07225523928685
2001863.0	323.1603227771011
2013468.0	263.69764782750735
2025073.0	264.9903618030842
2036678.0	259.04359251816356
2048283.0	260.6867570969095
2059888.0	258.3975566676479
2071493.0	5573.795150915388
2083098.0	472.473597586065
2094703.0	259.1835433654559
2106308.0	11683.283519954062
2117913.0	266.6135807797439
2129518.0	269.25482174167155
2141123.0	261.7113340320407
2152728.0	264.99358541526
2164333.0	260.7935995302407
2175938.0	257.6968011126565
2187543.0	256.6362732566397
2199148.0	604.7722092343658
2210753.0	262.78271272618514
2222358.0	266.2243693760142
2233963.0	264.8851851851852
2245568.0	262.1992192945769
2257173.0	267.1917893106119
2268778.0	264.495166163142
2280383.0	267.7105057147331
2291988.0	3113.742145178765
2303593.0	258.30853253126486
2315198.0	264.9317211948791
2326803.0	261.5975759226474
2338408.0	261.98421527360193
2350013.0	263.7958086309113
2361618.0	259.95452464520065
2373223.0	917.0680774278215
2384828.0	454.23407812737497
2396433.0	259.07560087399855
2408038.0	261.71338789827536
2419643.0	264.0239227756016
2431248.0	266.90524699972093
2442853.0	267.38569157392686
2454458.0	264.68395317824866
2466063.0	254.1568461212378
2477668.0	261.84672245467226
2489273.0	263.75035201351733
2500878.0	264.7317487266553
2512483.0	265.10926499577585
2524088.0	265.56789092932667
2535693.0	268.50707405177604
2547298.0	266.3516699410609
2558903.0	489.15046728971964
2570508.0	260.21959706959706
2582113.0	263.11511541325393
2593718.0	259.4471755066839
2605323.0	260.7038367581549
2616928.0	260.09041394335514
2628533.0	262.705873693508
2640138.0	268.270308320428
2651743.0	265.80988000623347
2663348.0	264.42287543655414
2674953.0	264.09966297544537
2686558.0	263.7766704098821
2698163.0	263.7614692010862
2709768.0	260.42825392415614
2721373.0	263.57026743576296
2732978.0	426.11359102244387
2744583.0	262.03311892705625
2756188.0	263.76284316390326
2767793.0	256.02602957350604
2779398.0	249.8159747162764
2791003.0	262.1091317605521
2802608.0	261.2075228832952
2814213.0	264.6218728639781
2825818.0	261.7670153317094
2837423.0	262.69050593379137
2849028.0	263.8080468178493
2860633.0	265.3295970488082
2872238.0	269.0582763337893
2883843.0	264.30367530407193
2895448.0	266.70216208265924
2907053.0	260.8330484330484
2918658.0	264.4676663542643
2930263.0	267.01864270386267
2941868.0	396.683968640173
2953473.0	419.2921460019883
2965078.0	264.52983597285066
2976683.0	261.0439371948806
2988288.0	243.06765085280207
2999893.0	2362.383876640065
3011498.0	265.95765345765346
3023103.0	266.73476502579837
3034708.0	264.34227998304846
3046313.0	263.7722921225383
3057918.0	266.80945406125164
3069523.0	265.46804633606666
3081128.0	262.0483870967742
3092733.0	267.4238019858972
3104338.0	689.153474236773
3115943.0	257.7247025892232
3127548.0	266.9495950851717
3139153.0	257.6803857647378
3150758.0	268.93365065628154
3162363.0	269.6573928008031
3173968.0	263.09370938393556
3185573.0	1098.871124154651
3197178.0	266.23829201101927
3208783.0	265.32998276852385
3220388.0	260.55758347481606
3231993.0	262.7783595113438
3243598.0	261.5374358974359
3255203.0	265.2342039982489
3266808.0	254.42421538003867
3278413.0	263.2307243842005
3290018.0	262.95719577445465
3301623.0	264.0630092341119
3313228.0	267.02383393131726
3324833.0	266.5044517934368
3336438.0	265.97183684794675
3348043.0	266.62877969762417
3359648.0	392.25758001122966
3371253.0	259.6618734041123
3382858.0	267.5778207429913
3394463.0	265.3365066772445
3406068.0	267.6451362873014
3417673.0	263.791560616209
3429278.0	260.0520204894707
3440883.0	264.75076885225735
3452488.0	259.50372145830704
3464093.0	263.2137424600052
3475698.0	261.25329505415635
3487303.0	264.46228778179795
3498908.0	475.6500195592646
3510513.0	262.9946963670114
3522118.0	275.43604401886523
3533723.0	397.25344197808374
3545328.0	259.5669890393295
3556933.0	265.67628016480285
3568538.0	265.37637142092586
3580143.0	258.54041666666666
3591748.0	262.80563002680964
3603353.0	262.80671764882294
3614958.0	263.09864546525324
3626563.0	253.89086987778578
3638168.0	252.92921195652173
3649773.0	259.72922356613344
3661378.0	257.28937242934853
3672983.0	268.22287180949667
3684588.0	349.9954325631381
3696193.0	263.0263020151793
3707798.0	264.3542299898683
3719403.0	260.998191681736
3731008.0	263.9131957473421
3742613.0	262.3125730994152
3754218.0	259.8285117804951
3765823.0	252.2847419171866
3777428.0	262.91334598355473
3789033.0	261.7972411945895
3800638.0	243.50707809766183
3812243.0	265.06280193236717
3823848.0	265.83092525701585
3835453.0	259.49428208386274
3847058.0	266.2205790784558
3858663.0	262.4562418631564
3870268.0	264.9563793555148
3881873.0	261.4450704225352
3893478.0	261.6279366700715
3905083.0	262.6788398154252
3916688.0	259.6876315463662
3928293.0	262.6986225128705
3939898.0	261.3637142158062
3951503.0	260.054821664465
3963108.0	357.9304994954591
3974713.0	265.11150684931505
3986318.0	263.1453726453726
3997923.0	263.3494969256568
4009528.0	260.48591549295776
4021133.0	267.25198517734253
4032738.0	264.7551761226136
4044343.0	262.82092960773775
4055948.0	265.7919445869677
4067553.0	260.5435924369748
4079158.0	261.7206015817451
4090763.0	267.9500934848267
4102368.0	265.31678129298484
4113973.0	266.9326057298772
4125578.0	264.5738675478452
4137183.0	263.43344068706386
4148788.0	265.80328553529165
4160393.0	268.03535940121304
4171998.0	258.7749618678869
4183603.0	264.8358333333333
4195208.0	267.18670792808723
4206813.0	261.36740146960585
4218418.0	266.0482788798133
4230023.0	258.86892670875653
4241628.0	264.9014104778353
4253233.0	263.1446309182699
4264838.0	256.02507748661594
4276443.0	264.6090379008746
4288048.0	265.4796021334871
4299653.0	259.5980606391696
4311258.0	262.60157255182276
4322863.0	263.44205739375883
4334468.0	264.52658817440806
4346073.0	261.57161340406265
4357678.0	260.8918606146329
4369283.0	263.6922249125639
4380888.0	266.88116534628165
4392493.0	263.3293492695883
4404098.0	268.8853744608548
4415703.0	265.55082243779
4427308.0	261.32375660658624
4438913.0	265.741186345831
4450518.0	262.62201609603056
4462123.0	265.49248464253037
4473728.0	256.75433802432025
4485333.0	266.8322491349481
4496938.0	255.15696502667458
4508543.0	259.5385994263862
4520148.0	262.36602406520893
4531753.0	262.8967205090553
4543358.0	258.20562248995986
4554963.0	260.26713323649807
4566568.0	264.7999403697078
4578173.0	264.400865076043
4589778.0	259.2672080947943
4601383.0	261.58265506595563
4612988.0	264.14646464646466
4624593.0	265.7279586418891
4636024.0	253.7402884049441
